m,n,k,time (s),gigapixels per second

original:
8192,8192,3,0.102092,0.657340
8192,8192,5,0.199803,0.335875
8192,8192,7,0.359364,0.186744
8192,8192,9,0.588336,0.114066
8192,8192,11,0.902063,0.074395
8192,8192,13,1.244303,0.053933
8192,8192,15,1.664495,0.040318

no returns, added to output param:
8192,8192,3,0.078902,0.850539
8192,8192,5,0.173017,0.387875
8192,8192,7,0.352598,0.190327
8192,8192,9,0.562833,0.119234
8192,8192,11,0.866832,0.077419
8192,8192,13,1.217025,0.055142
8192,8192,15,1.623677,0.041331
